9
0 0.00000000 0.00000000 0.25000000 0.50000000 0.75000000 1.00000000 1.00000000 1
13
0 0.00000000 0.00000000 0.12500000 0.25000000 0.37500000 0.50000000 0.62500000 0.75000000 0.87500000 1.00000000 1.00000000 1
60
1.43149599 0.00000000 0.00000000 1.0000
1.49399599 0.00000000 0.00000000 1.0000
1.61899599 0.00000000 0.00000000 1.0000
1.74399599 0.00000000 0.00000000 1.0000
1.86899599 0.00000000 0.00000000 1.0000
1.99399599 0.00000000 0.00000000 1.0000
2.11899599 0.00000000 0.00000000 1.0000
2.24399599 0.00000000 0.00000000 1.0000
2.36899599 0.00000000 0.00000000 1.0000
2.43149599 0.00000000 0.00000000 1.0000
1.43149599 0.07500000 0.00000000 1.0000
1.49399599 0.07500000 0.00000000 1.0000
1.61899599 0.07500000 0.00000000 1.0000
1.74399599 0.07500000 0.00000000 1.0000
1.86899599 0.07500000 0.00000000 1.0000
1.99399599 0.07500000 0.00000000 1.0000
2.11899599 0.07500000 0.00000000 1.0000
2.24399599 0.07500000 0.00000000 1.0000
2.36899599 0.07500000 0.00000000 1.0000
2.43149599 0.07500000 0.00000000 1.0000
1.43149599 0.22500000 0.00000000 1.0000
1.49399599 0.22500000 0.00000000 1.0000
1.61899599 0.22500000 0.00000000 1.0000
1.74399599 0.22500000 0.00000000 1.0000
1.86899599 0.22500000 0.00000000 1.0000
1.99399599 0.22500000 0.00000000 1.0000
2.11899599 0.22500000 0.00000000 1.0000
2.24399599 0.22500000 0.00000000 1.0000
2.36899599 0.22500000 0.00000000 1.0000
2.43149599 0.22500000 0.00000000 1.0000
1.43149599 0.37500000 0.00000000 1.0000
1.49399599 0.37500000 0.00000000 1.0000
1.61899599 0.37500000 0.00000000 1.0000
1.74399599 0.37500000 0.00000000 1.0000
1.86899599 0.37500000 0.00000000 1.0000
1.99399599 0.37500000 0.00000000 1.0000
2.11899599 0.37500000 0.00000000 1.0000
2.24399599 0.37500000 0.00000000 1.0000
2.36899599 0.37500000 0.00000000 1.0000
2.43149599 0.37500000 0.00000000 1.0000
1.43149599 0.52500000 0.00000000 1.0000
1.49399599 0.52500000 0.00000000 1.0000
1.61899599 0.52500000 0.00000000 1.0000
1.74399599 0.52500000 0.00000000 1.0000
1.86899599 0.52500000 0.00000000 1.0000
1.99399599 0.52500000 0.00000000 1.0000
2.11899599 0.52500000 0.00000000 1.0000
2.24399599 0.52500000 0.00000000 1.0000
2.36899599 0.52500000 0.00000000 1.0000
2.43149599 0.52500000 0.00000000 1.0000
1.43149599 0.60000000 0.00000000 1.0000
1.49399599 0.60000000 0.00000000 1.0000
1.61899599 0.60000000 0.00000000 1.0000
1.74399599 0.60000000 0.00000000 1.0000
1.86899599 0.60000000 0.00000000 1.0000
1.99399599 0.60000000 0.00000000 1.0000
2.11899599 0.60000000 0.00000000 1.0000
2.24399599 0.60000000 0.00000000 1.0000
2.36899599 0.60000000 0.00000000 1.0000
2.43149599 0.60000000 0.00000000 1.0000
