9
0 0.00000000 0.00000000 0.25000000 0.50000000 0.75000000 1.00000000 1.00000000 1
9
0 0.00000000 0.00000000 0.25000000 0.50000000 0.75000000 1.00000000 1.00000000 1
36
0.00000000 0.00000000 0.00000000 1.0000
0.50000000 0.00000000 0.00000000 1.0000
1.50000000 0.00000000 0.00000000 1.0000
2.50000000 0.00000000 0.00000000 1.0000
3.50000000 0.00000000 0.00000000 1.0000
4.00000000 0.00000000 0.00000000 1.0000
0.00000000 0.50000000 0.00000000 1.0000
0.50000000 0.50000000 0.00000000 1.0000
1.50000000 0.50000000 0.00000000 1.0000
2.50000000 0.50000000 0.00000000 1.0000
3.50000000 0.50000000 0.00000000 1.0000
4.00000000 0.50000000 0.00000000 1.0000
0.00000000 1.50000000 0.00000000 1.0000
0.50000000 1.50000000 0.00000000 1.0000
1.50000000 1.50000000 0.00000000 1.0000
2.50000000 1.50000000 0.00000000 1.0000
3.50000000 1.50000000 0.00000000 1.0000
4.00000000 1.50000000 0.00000000 1.0000
0.00000000 2.50000000 0.00000000 1.0000
0.50000000 2.50000000 0.00000000 1.0000
1.50000000 2.50000000 0.00000000 1.0000
2.50000000 2.50000000 0.00000000 1.0000
3.50000000 2.50000000 0.00000000 1.0000
4.00000000 2.50000000 0.00000000 1.0000
0.00000000 3.50000000 0.00000000 1.0000
0.50000000 3.50000000 0.00000000 1.0000
1.50000000 3.50000000 0.00000000 1.0000
2.50000000 3.50000000 0.00000000 1.0000
3.50000000 3.50000000 0.00000000 1.0000
4.00000000 3.50000000 0.00000000 1.0000
0.00000000 4.00000000 0.00000000 1.0000
0.50000000 4.00000000 0.00000000 1.0000
1.50000000 4.00000000 0.00000000 1.0000
2.50000000 4.00000000 0.00000000 1.0000
3.50000000 4.00000000 0.00000000 1.0000
4.00000000 4.00000000 0.00000000 1.0000
